users1

users =

    43    79
    68    64
    10    49
    31    12
    74    75
