users1

users =

    36    9
    19    79
    23    30
    66    28
    33    15
    95    35
    91    1
    17    13
    41    27
    10    90
